ID_Transaccion,Fecha,Tipo_Movimiento,Categoria_Transaccion,Ingreso,Egreso,Saldo,Metodo_Pago,ID_Usuario,Observaciones,Corte_Caja,Inicio_Jornada
1,2025-03-22,Ingreso,Venta,2000.00,0.00,2000.00,Credit Card,1,,No,No
2,2025-03-22,Egreso,Compra,0.00,100.00,1900.00,Cash,1,,No,No
3,2025-03-23,Ingreso,Deposito Inicial,500.00,0.00,2400.00,Cash,1,Deposito inicial para la jornada,No,Si
4,2025-03-23,Egreso,Retiro de Efectivo,0.00,100.00,2300.00,Cash,1,Retiro para gastos menores,No,No
5,2025-03-23,Egreso,Corte de caja,0.00,2300.00,0.00,Cash,1,Corte de caja de la jornada,Si,No
6,2025-03-23,Ingreso,Deposito,1000.00,0.00,1000.00,Efectivo,1,Inicio,No,Si
7,2025-03-23,Ingreso,Venta,250.00,0.00,1250.00,Tarjeta,1,.,No,No
8,2025-03-23,Ingreso,Venta,10.00,0.00,1260.00,Efectivo,1,Coca,No,No
9,2025-03-23,Ingreso,Venta,102.00,0.00,1362.00,Cash,1,.,No,No
10,2025-03-31,Ingreso,Venta,16.10,0.00,1378.10,Efectivo,1,Venta ID: 20,No,No
11,2025-03-31,Ingreso,Venta,48.60,0.00,1426.70,Tarjeta,1,Venta ID: 21,No,No
12,2025-03-31,Ingreso,Venta,4.05,0.00,1430.75,Tarjeta,1,Venta ID: 22,No,No
13,2025-03-31,Ingreso,Venta,9.00,0.00,1439.75,Tarjeta,6,Venta ID: 23,No,No
